,city_id
0,1267056
1,1256416
2,1270640
3,1270752
4,1266608
5,1262240
6,1268064
7,1272768
8,1271648
9,1272096
10,1258544
11,1260112
12,1263136
13,1258096
14,1264144
15,1271760
16,1261680
17,1264480
18,1260224
19,1259104
20,1259328
21,1269520
22,1271200
23,1278928
24,1286768
25,1286096
26,1263696
27,1297520
28,1257984
29,1292592
30,1294720
31,1292480
32,1256528
33,1271088
34,1269072
35,1278816
36,1257648
37,1284416
38,1264592
39,1257088
40,1266272
41,1288448
42,1278144
43,1278368
44,1292368
45,1267952
46,1295616
47,1291360
48,1264368
49,1291472
50,1296960
51,1284640
52,1294832
53,1293824
54,1280160
55,1294048
56,1266160
57,1290576
58,1259888
59,1286656
60,1279824
61,1297408
62,1289120
63,1265152
64,1258432
65,1280832
66,1290800
67,1260560
68,1271984
69,1269296
70,1281840
71,1293152
72,1338512
73,1337504
74,1336944
75,1279040
76,1338176
77,1265376
78,1260000
79,1335600
80,1264256
81,1332800
82,1270192
83,1259216
84,1268400
85,1339520
86,1287888
87,1338736
88,1267840
89,1291808
90,1290240
91,1290464
92,1297072
93,1280496
94,1264032
95,1265264
96,1339072
97,1287776
98,1331680
99,1260336
100,1333024
101,1291696
102,1292032
103,1272880
104,1296064
105,1288896
106,1289456
107,1281504
108,1269184
109,1332688
110,1260784
111,1282960
112,1265600
113,1280272
114,1271872
115,1291136
116,1262688
117,1259440
118,1295840
119,1283072
120,1288224
121,1287552
122,1332576
123,1293488
124,1293376
125,1339744
126,1280720
127,1334256
128,1332464
129,1289792
130,1335040
131,1256752
132,1285200
133,1278480
134,1335488
135,1261008
136,1332352
137,1283632
138,1291248
139,1284976
140,1263248
141,1281952
142,1271424
143,1297184
144,1270416
145,1337168
146,1288336
147,1286432
148,1257312
149,1256976
150,1333360
151,1268176
152,1293936
153,1286208
154,1291920
155,1289344
156,1295392
157,1331792
158,1339968
159,1292256
160,1281392
161,1282176
162,1263920
163,1296400
164,1273104
165,1285536
166,1336160
167,1339184
168,1262576
169,1337840
170,1338064
171,1259776
172,1265488
173,1295504
174,1294608
175,1292144
176,1335936
177,1258768
178,1263472
179,1257760
180,1338400
181,1290352
182,1334480
183,1269856
184,1294944
185,1333808
186,1334704
187,1260672
188,1338624
189,1267280
190,1282400
191,1267168
192,1295952
193,1259552
194,1257872
195,1262016
196,1268288
197,1283184
198,1262912
199,1335824
200,1282624
201,1269968
202,1280944
203,1282848
204,1288000
205,1283520
206,1294272
207,1333136
208,1290688
209,1282512
210,1258208
211,1270528
212,1261120
213,1294384
214,1335152
215,1289232
216,1279712
217,1272656
218,1265040
219,1267392
220,1288672
221,1270976
222,1339408
223,1332912
224,1261344
225,1333584
226,1333472
227,1266048
228,1295280
229,1257200
230,1285088
231,1260448
232,1269408
233,1261456
234,1261568
235,1291024
236,1286880
237,1288112
238,1272544
239,1258880
240,1286544
241,1272992
242,1285312
243,1284752
244,1339632
245,1287328
246,1296624
247,1269632
248,1293600
249,1337392
250,1264816
251,1278592
252,1285872
253,1287104
254,1293264
255,1282064
256,1289680
257,1338960
258,1291584
259,1295056
260,1333248
261,1288560
262,1272208
263,1285984
264,1332016
265,1335712
266,1257424
267,1337728
268,1267728
269,1285648
270,1257536
271,1262352
272,1262464
273,1268736
274,1278256
275,1295728
276,1279152
277,1268624
278,1296512
279,1290016
280,1279376
281,1295168
282,1297296
283,1268960
284,1279600
285,1288784
286,1285760
287,1287664
288,1334144
289,1292704
290,1279936
291,1339856
292,1293040
293,1256640
294,1282736
295,1265712
296,1294496
297,1261232
298,1278704
299,1263024
300,1268512
301,1271312
302,1338848
303,1334032
304,1266832
305,1264704
306,1281168
307,1281056
308,1334816
309,1261792
310,1337056
311,1271536
312,1337280
313,1286992
